$ ./decoderRandom 50 360
random  50  bytes  [46 170 122 42 42 109 126 222 103 239 160 23 26 112 14 255 151 118 222 39 122 199 210 235 125 237 106 247 212 240 121 34 121 142 98 68 115 186 60 223 224 142 206 106 126 94 103 232 69 132]   470715168891879568229904618764441377372174212050849193062638809747981199762225756316507596347967138741204477948054750596
modulus size bits  360
byte modulus  2348542582773833227889480596789337027375682548908319870707290971532209025114608443463698998384768703031934976
block modulus  1004511855263742159024480421633789919505453061496118217787599909474132126037230808682854338325047540491765124
modulus exponent  397
shasum  3bb087255d7d702c04f240a807232b778d71636f
md5sum  8dc5237cf56fc1ab214924cbfeef5054
modulo bigint  2348542582773833227889480596789337027375682548908319870707290971532209025114608443463698998384768703031934976
modulo floor  322781234760863573706989896500376484291213224103652939103832419567580952752105149328705669160017228929487896496593436672  ceil  645562469521727147413979793000752968582426448207305878207664839135161905504210298657411338320034457858975792993186873344   2
modulo floor UUUU  397   322781234760863573706989896500376484291213224103652939103832419567580952752105149328705669160017228929487896496593436672  ceil  645562469521727147413979793000752968582426448207305878207664839135161905504210298657411338320034457858975792993186873344  mod  2348542582773833227889480596789337027375682548908319870707290971532209025114608443463698998384768703031934976
modulo floor  322781234760863573706989896500376484291213224103652939103832419567580952752105149328705669160017228929487896496593436672
mfloor  322781234760863573706989896500376484291213224103652939103832419567580952752105149328705669160017228929487896496593436672   0
modulo floor equals zero  0   0
modulo floor equals zero setting  322781234760863573706989896500376484291213224103652939103832419567580952752105149328705669160017228929487896496593436672   322781234760863573706989896500376484291213224103652939103832419567580952752105149328705669160017228929487896496593436672
modremainder  322781234760863573706989896500376484291213224103652939103832419567580952752105149328705669160017228929487896496593436672   322781234760863573706989896500376484291213224103652939103832419567580952752105149328705669160017228929487896496593436672
modstart test result floor  322781234761868085562253638659400964712847014023158392165328537785368552661579281454742899968700083267812944037085201796  initial remainder  322781234760863573706989896500376484291213224103652939103832419567580952752105149328705669160017228929487896496593436672

Found Block  [46 170 122 42 42 109 126 222 103 239 160 23 26 112 14 255 151 118 222 39 122 199 210 235 125 237 106 247 212 240 121 34 121 142 98 68 115 186 60 223 224 142 206 106 126 94 103 232 69 132]
total time  22h17m56.445132929s
random bytestring and modulusscan bytestring match  [46 170 122 42 42 109 126 222 103 239 160 23 26 112 14 255 151 118 222 39 122 199 210 235 125 237 106 247 212 240 121 34 121 142 98 68 115 186 60 223 224 142 206 106 126 94 103 232 69 132]   [46 170 122 42 42 109 126 222 103 239 160 23 26 112 14 255 151 118 222 39 122 199 210 235 125 237 106 247 212 240 121 34 121 142 98 68 115 186 60 223 224 142 206 106 126 94 103 232 69 132]
